   0.0000000000000000       0.99901899999999999     
   1.0000000000000000E-002  0.99705699999999997     
   2.0000000000000000E-002  0.99411399999999994     
   2.9999999999999999E-002  0.99018999999999990     
   4.0000000000000001E-002  0.98528499999999986     
   5.0000000000000003E-002  0.97939899999999991     
   6.0000000000000005E-002  0.97253199999999995     
   7.0000000000000007E-002  0.96468399999999999     
   8.0000000000000002E-002  0.95585500000000001     
   8.9999999999999997E-002  0.94604500000000002     
   9.9999999999999992E-002  0.93525400000000003     
  0.10999999999999999       0.92348200000000003     
  0.11999999999999998       0.91072900000000001     
  0.12999999999999998       0.89699499999999999     
  0.13999999999999999       0.88227999999999995     
  0.14999999999999999       0.86658399999999991     
  0.16000000000000000       0.84990699999999986     
  0.17000000000000001       0.83224899999999991     
  0.18000000000000002       0.81360999999999994     
  0.19000000000000003       0.79398999999999997     
  0.20000000000000004       0.77338899999999999     
  0.21000000000000005       0.75180700000000000     
  0.22000000000000006       0.72924400000000000     
  0.23000000000000007       0.70569999999999999     
  0.24000000000000007       0.68117499999999997     
  0.25000000000000006       0.65566899999999995     
  0.26000000000000006       0.62918199999999991     
  0.27000000000000007       0.60171399999999986     
  0.28000000000000008       0.57326499999999980     
  0.29000000000000009       0.54383499999999974     
  0.30000000000000010       0.51342399999999977     
  0.31000000000000011       0.48203199999999974     
  0.32000000000000012       0.44965899999999970     
  0.33000000000000013       0.41630499999999970     
  0.34000000000000014       0.38196999999999970     
  0.35000000000000014       0.34665399999999968     
  0.36000000000000015       0.31035699999999966     
  0.37000000000000016       0.27307899999999963     
  0.38000000000000017       0.23481999999999961     
  0.39000000000000018       0.19557999999999959     
  0.40000000000000019       0.15535899999999958     
  0.41000000000000020       0.11415699999999956     
  0.42000000000000021        7.1973999999999552E-002
  0.43000000000000022        2.8809999999999544E-002
  0.44000000000000022        2.7437000000000000E-002
  0.45000000000000023        4.8332500000000229E-002
  0.46000000000000024        6.8247000000000460E-002
  0.47000000000000025        8.7180500000000688E-002
  0.48000000000000026       0.10513300000000092     
  0.49000000000000027       0.12210450000000114     
  0.50000000000000022       0.13809500000000136     
  0.51000000000000023       0.15310450000000159     
  0.52000000000000024       0.16713300000000181     
  0.53000000000000025       0.18018050000000202     
  0.54000000000000026       0.19224700000000225     
  0.55000000000000027       0.20333250000000247     
  0.56000000000000028       0.21343700000000268     
  0.57000000000000028       0.22256050000000291     
  0.58000000000000029       0.23070300000000313     
  0.59000000000000030       0.23786450000000336     
  0.60000000000000031       0.24404500000000359     
  0.61000000000000032       0.24924450000000381     
  0.62000000000000033       0.25346300000000405     
  0.63000000000000034       0.25670050000000427     
  0.64000000000000035       0.25895700000000449     
  0.65000000000000036       0.26023250000000470     
  0.66000000000000036       0.26052700000000489     
  0.67000000000000037       0.25984050000000514     
  0.68000000000000038       0.25817300000000537     
  0.69000000000000039       0.25552450000000559     
  0.70000000000000040       0.25189500000000581     
  0.71000000000000041       0.24728450000000604     
  0.72000000000000042       0.24169300000000626     
  0.73000000000000043       0.23512050000000648     
  0.74000000000000044       0.22756700000000671     
  0.75000000000000044       0.21903250000000693     
  0.76000000000000045       0.20951700000000714     
  0.77000000000000046       0.19902050000000737     
  0.78000000000000047       0.18754300000000759     
  0.79000000000000048       0.17508450000000780     
  0.80000000000000049       0.16164500000000803     
  0.81000000000000050       0.14722450000000825     
  0.82000000000000051       0.13182300000000846     
  0.83000000000000052       0.11544050000000869     
  0.84000000000000052        9.8077000000008907E-002
  0.85000000000000053        7.9732500000009129E-002
  0.86000000000000054        6.0407000000009342E-002
  0.87000000000000055        4.0100500000009559E-002
  0.88000000000000056        3.8865750000000109E-002
  0.89000000000000057        4.8401624999995278E-002
  0.90000000000000058        5.6956499999990445E-002
  0.91000000000000059        6.4530374999985610E-002
  0.92000000000000060        7.1123249999980778E-002
  0.93000000000000060        7.6735124999975951E-002
  0.94000000000000061        8.1365999999971128E-002
  0.95000000000000062        8.5015874999966295E-002
  0.96000000000000063        8.7684749999961467E-002
  0.97000000000000064        8.9372624999956643E-002
  0.98000000000000065        9.0079499999951809E-002
  0.99000000000000066        8.9805374999946980E-002
   1.0000000000000007        8.8550249999942154E-002
   1.0100000000000007        8.6314124999937319E-002
   1.0200000000000007        8.3096999999932489E-002
   1.0300000000000007        7.8898874999927662E-002
   1.0400000000000007        7.3719749999922826E-002
   1.0500000000000007        6.7559624999917994E-002
   1.0600000000000007        6.0418499999913167E-002
   1.0700000000000007        5.2296374999908336E-002
   1.0800000000000007        4.3193249999903503E-002
   1.0900000000000007        4.4467437499997590E-002
   1.1000000000000008        4.9656093750047044E-002
   1.1100000000000008        5.3863750000096501E-002
   1.1200000000000008        5.7090406250145956E-002
   1.1300000000000008        5.9336062500195408E-002
   1.1400000000000008        6.0600718750244864E-002
   1.1500000000000008        6.0884375000294318E-002
   1.1600000000000008        6.0187031250343768E-002
   1.1700000000000008        5.8508687500393224E-002
   1.1800000000000008        5.5849343750442676E-002
   1.1900000000000008        5.2209000000492133E-002
   1.2000000000000008        4.7587656250541586E-002
   1.2100000000000009        4.6708328125024727E-002
   1.2200000000000009        4.8579335937241577E-002
   1.2300000000000009        4.9954503906108429E-002
   1.2400000000000009        5.0348671874975277E-002
   1.2500000000000009        4.9761839843842123E-002
   1.2600000000000009        4.8725583984433427E-002
   1.2700000000000009        4.8500872070295652E-002
   1.2800000000000009        4.8906644042931116E-002
   1.2900000000000009        4.9221885986317736E-002
   1.3000000000000009        4.9176620971693313E-002
   1.3100000000000009        4.8996367492687792E-002
   1.3200000000000010        4.8928873260497240E-002
   1.3300000000000010        4.8985252883904727E-002
   1.3400000000000010        4.9047189811703744E-002
   1.3500000000000010        4.9049968463899515E-002
   1.3600000000000010        4.9020389326097889E-002
   1.3700000000000010        4.9004210431099191E-002
   1.3800000000000010        4.9010910552500654E-002
   1.3900000000000010        4.9022350060700735E-002
   1.4000000000000010        4.9024719754100041E-002
   1.4100000000000010        4.9020184846699656E-002
   1.4200000000000010        4.9016732546299811E-002
   1.4300000000000010        4.9017273849800078E-002
   1.4400000000000011        4.9019270651750137E-002
   1.4500000000000011        4.9019998400975033E-002
   1.4600000000000011        4.9019363874612448E-002
   1.4700000000000011        4.9018682736818711E-002
   1.4800000000000011        4.9018659431103132E-002
   1.4900000000000011        4.9018988347142217E-002
   1.5000000000000011        4.9019164458019543E-002
   1.5100000000000011        4.9019088055438663E-002
   1.5200000000000011        4.9018961798709564E-002
   1.5300000000000011        4.9018936871635450E-002
   1.5400000000000011        4.9018987536462950E-002
   1.5500000000000012        4.9019025332413750E-002
   1.5600000000000012        4.9019018897975400E-002
   1.5700000000000012        4.9018996782780828E-002
   1.5800000000000012        4.9018988942402718E-002
   1.5900000000000012        4.9018996079810945E-002
   1.6000000000000012        4.9019003568704117E-002
   1.6100000000000012        4.9019003744446586E-002
   1.6200000000000012        4.9019000087871238E-002
   1.6300000000000012        4.9018998171712326E-002
   1.6400000000000012        4.9018999041920551E-002
   1.6500000000000012        4.9019000435104113E-002
   1.6600000000000013        4.9019000696591784E-002
   1.6700000000000013        4.9019000130743839E-002
   1.6800000000000013        4.9018999717076031E-002
   1.6900000000000013        4.9018999793166096E-002
   1.7000000000000013        4.9019000038045039E-002
   1.7100000000000013        4.9019000122439475E-002
   1.7200000000000013        4.9019000042197218E-002
   1.7300000000000013        4.9018999959878871E-002
   1.7400000000000013        4.9018999958840834E-002
   1.7500000000000013        4.9018999999480985E-002
   1.7600000000000013        4.9019000020320079E-002
   1.7700000000000014        4.9019000010419547E-002
   1.7800000000000014        4.9018999995049738E-002
   1.7900000000000014        4.9018999992315099E-002
   1.8000000000000014        4.9018999998632684E-002
   1.8100000000000014        4.9019000003158793E-002
   1.8200000000000014        4.9019000002263058E-002
   1.8300000000000014        4.9018999999552136E-002
   1.8400000000000014        4.9018999998644543E-002
   1.8500000000000014        4.9018999999546203E-002
   1.8600000000000014        4.9019000000450834E-002
   1.8700000000000014        4.9019000000452319E-002
   1.8800000000000014        4.9019000000000743E-002
   1.8900000000000015        4.9018999999774215E-002
   1.9000000000000015        4.9018999999886737E-002
   1.9100000000000015        4.9019000000056268E-002
   1.9200000000000015        4.9019000000084766E-002
   1.9300000000000015        4.9019000000014253E-002
   1.9400000000000015        4.9018999999964744E-002
   1.9500000000000015        4.9018999999975249E-002
   1.9600000000000015        4.9019000000005253E-002
   1.9700000000000015        4.9019000000015009E-002
   1.9800000000000015        4.9019000000004878E-002
   1.9900000000000015        4.9018999999994935E-002
   2.0000000000000013        4.9018999999995032E-002
   2.0100000000000011        4.9019000000000049E-002
   2.0200000000000009        4.9019000000002512E-002
   2.0300000000000007        4.9019000000001235E-002
   2.0400000000000005        4.9018999999999362E-002
   2.0500000000000003        4.9018999999999070E-002
   2.0600000000000001        4.9018999999999854E-002
   2.0699999999999998        4.9019000000000396E-002
   2.0799999999999996        4.9019000000000271E-002
   2.0899999999999994        4.9018999999999945E-002
   2.0999999999999992        4.9018999999999840E-002
   2.1099999999999990        4.9018999999999952E-002
   2.1199999999999988        4.9019000000000056E-002
   2.1299999999999986        4.9019000000000056E-002
   2.1399999999999983        4.9019000000000000E-002
   2.1499999999999981        4.9018999999999979E-002
   2.1599999999999979        4.9018999999999993E-002
   2.1699999999999977        4.9019000000000007E-002
   2.1799999999999975        4.9019000000000014E-002
   2.1899999999999973        4.9019000000000007E-002
   2.1999999999999971        4.9019000000000000E-002
   2.2099999999999969        4.9019000000000000E-002
   2.2199999999999966        4.9019000000000000E-002
   2.2299999999999964        4.9019000000000007E-002
   2.2399999999999962        4.9019000000000007E-002
   2.2499999999999960        4.9019000000000000E-002
   2.2599999999999958        4.9019000000000000E-002
   2.2699999999999956        4.9019000000000000E-002
   2.2799999999999954        4.9019000000000007E-002
   2.2899999999999952        4.9019000000000007E-002
   2.2999999999999949        4.9019000000000000E-002
   2.3099999999999947        4.9019000000000000E-002
   2.3199999999999945        4.9019000000000000E-002
   2.3299999999999943        4.9019000000000007E-002
   2.3399999999999941        4.9019000000000007E-002
   2.3499999999999939        4.9019000000000000E-002
   2.3599999999999937        4.9019000000000000E-002
   2.3699999999999934        4.9019000000000000E-002
   2.3799999999999932        4.9019000000000007E-002
   2.3899999999999930        4.9019000000000007E-002
   2.3999999999999928        4.9019000000000000E-002
   2.4099999999999926        4.9019000000000000E-002
   2.4199999999999924        4.9019000000000000E-002
   2.4299999999999922        4.9019000000000007E-002
   2.4399999999999920        4.9019000000000007E-002
   2.4499999999999917        4.9019000000000000E-002
   2.4599999999999915        4.9019000000000000E-002
   2.4699999999999913        4.9019000000000000E-002
   2.4799999999999911        4.9019000000000007E-002
   2.4899999999999909        4.9019000000000007E-002
   2.4999999999999907        4.9019000000000000E-002
   2.5099999999999905        4.9019000000000000E-002
   2.5199999999999902        4.9019000000000000E-002
   2.5299999999999900        4.9019000000000007E-002
   2.5399999999999898        4.9019000000000007E-002
   2.5499999999999896        4.9019000000000000E-002
   2.5599999999999894        4.9019000000000000E-002
   2.5699999999999892        4.9019000000000000E-002
   2.5799999999999890        4.9019000000000007E-002
   2.5899999999999888        4.9019000000000007E-002
   2.5999999999999885        4.9019000000000000E-002
   2.6099999999999883        4.9019000000000000E-002
   2.6199999999999881        4.9019000000000000E-002
   2.6299999999999879        4.9019000000000007E-002
   2.6399999999999877        4.9019000000000007E-002
   2.6499999999999875        4.9019000000000000E-002
   2.6599999999999873        4.9019000000000000E-002
   2.6699999999999871        4.9019000000000000E-002
   2.6799999999999868        4.9019000000000007E-002
   2.6899999999999866        4.9019000000000007E-002
   2.6999999999999864        4.9019000000000000E-002
   2.7099999999999862        4.9019000000000000E-002
   2.7199999999999860        4.9019000000000000E-002
   2.7299999999999858        4.9019000000000007E-002
   2.7399999999999856        4.9019000000000007E-002
   2.7499999999999853        4.9019000000000000E-002
   2.7599999999999851        4.9019000000000000E-002
   2.7699999999999849        4.9019000000000000E-002
   2.7799999999999847        4.9019000000000007E-002
   2.7899999999999845        4.9019000000000007E-002
   2.7999999999999843        4.9019000000000000E-002
   2.8099999999999841        4.9019000000000000E-002
   2.8199999999999839        4.9019000000000000E-002
   2.8299999999999836        4.9019000000000007E-002
   2.8399999999999834        4.9019000000000007E-002
   2.8499999999999832        4.9019000000000000E-002
   2.8599999999999830        4.9019000000000000E-002
   2.8699999999999828        4.9019000000000000E-002
   2.8799999999999826        4.9019000000000007E-002
   2.8899999999999824        4.9019000000000007E-002
   2.8999999999999821        4.9019000000000000E-002
   2.9099999999999819        4.9019000000000000E-002
   2.9199999999999817        4.9019000000000000E-002
   2.9299999999999815        4.9019000000000007E-002
   2.9399999999999813        4.9019000000000007E-002
   2.9499999999999811        4.9019000000000000E-002
   2.9599999999999809        4.9019000000000000E-002
   2.9699999999999807        4.9019000000000000E-002
   2.9799999999999804        4.9019000000000007E-002
   2.9899999999999802        4.9019000000000007E-002
   2.9999999999999800        4.9019000000000000E-002
   3.0099999999999798        4.9019000000000000E-002
   3.0199999999999796        4.9019000000000000E-002
   3.0299999999999794        4.9019000000000007E-002
   3.0399999999999792        4.9019000000000007E-002
   3.0499999999999790        4.9019000000000000E-002
   3.0599999999999787        4.9019000000000000E-002
   3.0699999999999785        4.9019000000000000E-002
   3.0799999999999783        4.9019000000000007E-002
   3.0899999999999781        4.9019000000000007E-002
   3.0999999999999779        4.9019000000000000E-002
   3.1099999999999777        4.9019000000000000E-002
   3.1199999999999775        4.9019000000000000E-002
   3.1299999999999772        4.9019000000000007E-002
   3.1399999999999770        4.9019000000000007E-002
   3.1499999999999768        4.9019000000000000E-002
   3.1599999999999766        4.9019000000000000E-002
   3.1699999999999764        4.9019000000000000E-002
   3.1799999999999762        4.9019000000000007E-002
   3.1899999999999760        4.9019000000000007E-002
   3.1999999999999758        4.9019000000000000E-002
   3.2099999999999755        4.9019000000000000E-002
   3.2199999999999753        4.9019000000000000E-002
   3.2299999999999751        4.9019000000000007E-002
   3.2399999999999749        4.9019000000000007E-002
   3.2499999999999747        4.9019000000000000E-002
   3.2599999999999745        4.9019000000000000E-002
   3.2699999999999743        4.9019000000000000E-002
   3.2799999999999740        4.9019000000000007E-002
   3.2899999999999738        4.9019000000000007E-002
   3.2999999999999736        4.9019000000000000E-002
   3.3099999999999734        4.9019000000000000E-002
   3.3199999999999732        4.9019000000000000E-002
   3.3299999999999730        4.9019000000000007E-002
   3.3399999999999728        4.9019000000000007E-002
   3.3499999999999726        4.9019000000000000E-002
   3.3599999999999723        4.9019000000000000E-002
   3.3699999999999721        4.9019000000000000E-002
   3.3799999999999719        4.9019000000000007E-002
   3.3899999999999717        4.9019000000000007E-002
   3.3999999999999715        4.9019000000000000E-002
   3.4099999999999713        4.9019000000000000E-002
   3.4199999999999711        4.9019000000000000E-002
   3.4299999999999708        4.9019000000000007E-002
   3.4399999999999706        4.9019000000000007E-002
   3.4499999999999704        4.9019000000000000E-002
   3.4599999999999702        4.9019000000000000E-002
   3.4699999999999700        4.9019000000000000E-002
   3.4799999999999698        4.9019000000000007E-002
   3.4899999999999696        4.9019000000000007E-002
   3.4999999999999694        4.9019000000000000E-002
   3.5099999999999691        4.9019000000000000E-002
   3.5199999999999689        4.9019000000000000E-002
   3.5299999999999687        4.9019000000000007E-002
   3.5399999999999685        4.9019000000000007E-002
   3.5499999999999683        4.9019000000000000E-002
   3.5599999999999681        4.9019000000000000E-002
   3.5699999999999679        4.9019000000000000E-002
   3.5799999999999677        4.9019000000000007E-002
   3.5899999999999674        4.9019000000000007E-002
   3.5999999999999672        4.9019000000000000E-002
   3.6099999999999670        4.9019000000000000E-002
   3.6199999999999668        4.9019000000000000E-002
   3.6299999999999666        4.9019000000000007E-002
   3.6399999999999664        4.9019000000000007E-002
   3.6499999999999662        4.9019000000000000E-002
   3.6599999999999659        4.9019000000000000E-002
   3.6699999999999657        4.9019000000000000E-002
   3.6799999999999655        4.9019000000000007E-002
   3.6899999999999653        4.9019000000000007E-002
   3.6999999999999651        4.9019000000000000E-002
   3.7099999999999649        4.9019000000000000E-002
   3.7199999999999647        4.9019000000000000E-002
   3.7299999999999645        4.9019000000000007E-002
   3.7399999999999642        4.9019000000000007E-002
   3.7499999999999640        4.9019000000000000E-002
   3.7599999999999638        4.9019000000000000E-002
   3.7699999999999636        4.9019000000000000E-002
   3.7799999999999634        4.9019000000000007E-002
   3.7899999999999632        4.9019000000000007E-002
   3.7999999999999630        4.9019000000000000E-002
   3.8099999999999627        4.9019000000000000E-002
   3.8199999999999625        4.9019000000000000E-002
   3.8299999999999623        4.9019000000000007E-002
   3.8399999999999621        4.9019000000000007E-002
   3.8499999999999619        4.9019000000000000E-002
   3.8599999999999617        4.9019000000000000E-002
   3.8699999999999615        4.9019000000000000E-002
   3.8799999999999613        4.9019000000000007E-002
   3.8899999999999610        4.9019000000000007E-002
   3.8999999999999608        4.9019000000000000E-002
   3.9099999999999606        4.9019000000000000E-002
   3.9199999999999604        4.9019000000000000E-002
   3.9299999999999602        4.9019000000000007E-002
   3.9399999999999600        4.9019000000000007E-002
   3.9499999999999598        4.9019000000000000E-002
   3.9599999999999596        4.9019000000000000E-002
   3.9699999999999593        4.9019000000000000E-002
   3.9799999999999591        4.9019000000000007E-002
   3.9899999999999589        4.9019000000000007E-002
   3.9999999999999587        4.9019000000000000E-002
   4.0099999999999589        4.9019000000000000E-002
   4.0199999999999587        4.9019000000000000E-002
   4.0299999999999585        4.9019000000000007E-002
   4.0399999999999583        4.9019000000000007E-002
   4.0499999999999581        4.9019000000000000E-002
   4.0599999999999579        4.9019000000000000E-002
   4.0699999999999577        4.9019000000000000E-002
   4.0799999999999574        4.9019000000000007E-002
   4.0899999999999572        4.9019000000000007E-002
   4.0999999999999570        4.9019000000000000E-002
   4.1099999999999568        4.9019000000000000E-002
   4.1199999999999566        4.9019000000000000E-002
   4.1299999999999564        4.9019000000000007E-002
   4.1399999999999562        4.9019000000000007E-002
   4.1499999999999559        4.9019000000000000E-002
   4.1599999999999557        4.9019000000000000E-002
   4.1699999999999555        4.9019000000000000E-002
   4.1799999999999553        4.9019000000000007E-002
   4.1899999999999551        4.9019000000000007E-002
   4.1999999999999549        4.9019000000000000E-002
   4.2099999999999547        4.9019000000000000E-002
   4.2199999999999545        4.9019000000000000E-002
   4.2299999999999542        4.9019000000000007E-002
   4.2399999999999540        4.9019000000000007E-002
   4.2499999999999538        4.9019000000000000E-002
   4.2599999999999536        4.9019000000000000E-002
   4.2699999999999534        4.9019000000000000E-002
   4.2799999999999532        4.9019000000000007E-002
   4.2899999999999530        4.9019000000000007E-002
   4.2999999999999527        4.9019000000000000E-002
   4.3099999999999525        4.9019000000000000E-002
   4.3199999999999523        4.9019000000000000E-002
   4.3299999999999521        4.9019000000000007E-002
   4.3399999999999519        4.9019000000000007E-002
   4.3499999999999517        4.9019000000000000E-002
   4.3599999999999515        4.9019000000000000E-002
   4.3699999999999513        4.9019000000000000E-002
   4.3799999999999510        4.9019000000000007E-002
   4.3899999999999508        4.9019000000000007E-002
   4.3999999999999506        4.9019000000000000E-002
   4.4099999999999504        4.9019000000000000E-002
   4.4199999999999502        4.9019000000000000E-002
   4.4299999999999500        4.9019000000000007E-002
   4.4399999999999498        4.9019000000000007E-002
   4.4499999999999496        4.9019000000000000E-002
   4.4599999999999493        4.9019000000000000E-002
   4.4699999999999491        4.9019000000000000E-002
   4.4799999999999489        4.9019000000000007E-002
   4.4899999999999487        4.9019000000000007E-002
   4.4999999999999485        4.9019000000000000E-002
   4.5099999999999483        4.9019000000000000E-002
   4.5199999999999481        4.9019000000000000E-002
   4.5299999999999478        4.9019000000000007E-002
   4.5399999999999476        4.9019000000000007E-002
   4.5499999999999474        4.9019000000000000E-002
   4.5599999999999472        4.9019000000000000E-002
   4.5699999999999470        4.9019000000000000E-002
   4.5799999999999468        4.9019000000000007E-002
   4.5899999999999466        4.9019000000000007E-002
   4.5999999999999464        4.9019000000000000E-002
   4.6099999999999461        4.9019000000000000E-002
   4.6199999999999459        4.9019000000000000E-002
   4.6299999999999457        4.9019000000000007E-002
   4.6399999999999455        4.9019000000000007E-002
   4.6499999999999453        4.9019000000000000E-002
   4.6599999999999451        4.9019000000000000E-002
   4.6699999999999449        4.9019000000000000E-002
   4.6799999999999446        4.9019000000000007E-002
   4.6899999999999444        4.9019000000000007E-002
   4.6999999999999442        4.9019000000000000E-002
   4.7099999999999440        4.9019000000000000E-002
   4.7199999999999438        4.9019000000000000E-002
   4.7299999999999436        4.9019000000000007E-002
   4.7399999999999434        4.9019000000000007E-002
   4.7499999999999432        4.9019000000000000E-002
   4.7599999999999429        4.9019000000000000E-002
   4.7699999999999427        4.9019000000000000E-002
   4.7799999999999425        4.9019000000000007E-002
   4.7899999999999423        4.9019000000000007E-002
   4.7999999999999421        4.9019000000000000E-002
   4.8099999999999419        4.9019000000000000E-002
   4.8199999999999417        4.9019000000000000E-002
   4.8299999999999415        4.9019000000000007E-002
   4.8399999999999412        4.9019000000000007E-002
   4.8499999999999410        4.9019000000000000E-002
   4.8599999999999408        4.9019000000000000E-002
   4.8699999999999406        4.9019000000000000E-002
   4.8799999999999404        4.9019000000000007E-002
   4.8899999999999402        4.9019000000000007E-002
   4.8999999999999400        4.9019000000000000E-002
   4.9099999999999397        4.9019000000000000E-002
   4.9199999999999395        4.9019000000000000E-002
   4.9299999999999393        4.9019000000000007E-002
   4.9399999999999391        4.9019000000000007E-002
   4.9499999999999389        4.9019000000000000E-002
   4.9599999999999387        4.9019000000000000E-002
   4.9699999999999385        4.9019000000000000E-002
   4.9799999999999383        4.9019000000000007E-002
   4.9899999999999380        4.9019000000000007E-002
