   0.0000000000000000       0.99901899999999999     
   1.0000000000000000E-002  0.99705699999999997     
   2.0000000000000000E-002  0.99411399999999994     
   2.9999999999999999E-002  0.99018999999999990     
   4.0000000000000001E-002  0.98528499999999986     
   5.0000000000000003E-002  0.97939899999999991     
   6.0000000000000005E-002  0.97253199999999995     
   7.0000000000000007E-002  0.96468399999999999     
   8.0000000000000002E-002  0.95585500000000001     
   8.9999999999999997E-002  0.94604500000000002     
   9.9999999999999992E-002  0.93525400000000003     
  0.10999999999999999       0.92348200000000003     
  0.11999999999999998       0.91072900000000001     
  0.12999999999999998       0.89699499999999999     
  0.13999999999999999       0.88227999999999995     
  0.14999999999999999       0.86658399999999991     
  0.16000000000000000       0.84990699999999986     
  0.17000000000000001       0.83224899999999991     
  0.18000000000000002       0.81360999999999994     
  0.19000000000000003       0.79398999999999997     
  0.20000000000000004       0.77338899999999999     
  0.21000000000000005       0.75180700000000000     
  0.22000000000000006       0.72924400000000000     
  0.23000000000000007       0.70569999999999999     
  0.24000000000000007       0.68117499999999997     
  0.25000000000000006       0.65566899999999995     
  0.26000000000000006       0.62918199999999991     
  0.27000000000000007       0.60171399999999986     
  0.28000000000000008       0.57326499999999980     
  0.29000000000000009       0.54383499999999974     
  0.30000000000000010       0.51342399999999977     
  0.31000000000000011       0.48203199999999974     
  0.32000000000000012       0.44965899999999970     
  0.33000000000000013       0.41630499999999970     
  0.34000000000000014       0.38196999999999970     
  0.35000000000000014       0.34665399999999968     
  0.36000000000000015       0.31035699999999966     
  0.37000000000000016       0.27307899999999963     
  0.38000000000000017       0.23481999999999961     
  0.39000000000000018       0.19557999999999959     
  0.40000000000000019       0.15535899999999958     
  0.41000000000000020       0.11415699999999956     
  0.42000000000000021        7.1973999999999552E-002
  0.43000000000000022        2.8809999999999544E-002
  0.44000000000000022       -1.5335000000000459E-002
  0.45000000000000023       -6.0461000000000459E-002
  0.46000000000000024      -0.10656800000000045     
  0.47000000000000025      -0.15365600000000046     
  0.48000000000000026      -0.20172500000000043     
  0.49000000000000027      -0.25077500000000041     
  0.50000000000000022      -0.30080600000000041     
  0.51000000000000023      -0.35181800000000041     
  0.52000000000000024      -0.40381100000000036     
  0.53000000000000025      -0.45678500000000033     
  0.54000000000000026      -0.51074000000000030     
  0.55000000000000027      -0.56567600000000029     
  0.56000000000000028      -0.62159300000000028     
  0.57000000000000028      -0.67849100000000029     
  0.58000000000000029      -0.73637000000000019     
  0.59000000000000030      -0.79523000000000010     
  0.60000000000000031      -0.85507100000000003     
  0.61000000000000032      -0.91589299999999996     
  0.62000000000000033      -0.97769599999999990     
  0.63000000000000034       -1.0404799999999998     
  0.64000000000000035       -1.1042449999999997     
  0.65000000000000036       -1.1689909999999997     
  0.66000000000000036       -1.2347179999999995     
  0.67000000000000037       -1.3014259999999995     
  0.68000000000000038       -1.3691149999999994     
  0.69000000000000039       -1.4377849999999994     
  0.70000000000000040       -1.5074359999999993     
  0.71000000000000041       -1.5780679999999991     
  0.72000000000000042       -1.6496809999999991     
  0.73000000000000043       -1.7222749999999989     
  0.74000000000000044       -1.7958499999999988     
  0.75000000000000044       -1.8704059999999987     
  0.76000000000000045       -1.9459429999999986     
  0.77000000000000046       -2.0224609999999985     
  0.78000000000000047       -2.0999599999999985     
  0.79000000000000048       -2.1784399999999984     
  0.80000000000000049       -2.2579009999999982     
  0.81000000000000050       -2.3383429999999978     
  0.82000000000000051       -2.4197659999999979     
  0.83000000000000052       -2.5021699999999978     
  0.84000000000000052       -2.5855549999999976     
  0.85000000000000053       -2.6699209999999973     
  0.86000000000000054       -2.7552679999999974     
  0.87000000000000055       -2.8415959999999973     
  0.88000000000000056       -2.9289049999999972     
  0.89000000000000057       -3.0171949999999970     
  0.90000000000000058       -3.1064659999999971     
  0.91000000000000059       -3.1967179999999971     
  0.92000000000000060       -3.2879509999999970     
  0.93000000000000060       -3.3801649999999968     
  0.94000000000000061       -3.4733599999999969     
  0.95000000000000062       -3.5675359999999969     
  0.96000000000000063       -3.6626929999999969     
  0.97000000000000064       -3.7588309999999967     
  0.98000000000000065       -3.8559499999999969     
  0.99000000000000066       -3.9540499999999970     
   1.0000000000000007       -4.0531309999999969     
   1.0100000000000007       -4.1531929999999972     
   1.0200000000000007       -4.2542359999999970     
   1.0300000000000007       -4.3562599999999971     
   1.0400000000000007       -4.4592649999999967     
   1.0500000000000007       -4.5632509999999966     
   1.0600000000000007       -4.6682179999999969     
   1.0700000000000007       -4.7741659999999966     
   1.0800000000000007       -4.8810949999999966     
   1.0900000000000007       -4.9890049999999970     
   1.1000000000000008       -5.0978959999999969     
   1.1100000000000008       -5.2077679999999971     
   1.1200000000000008       -5.3186209999999967     
   1.1300000000000008       -5.4304549999999967     
   1.1400000000000008       -5.5432699999999970     
   1.1500000000000008       -5.6570659999999968     
   1.1600000000000008       -5.7718429999999969     
   1.1700000000000008       -5.8876009999999974     
   1.1800000000000008       -6.0043399999999973     
   1.1900000000000008       -6.1220599999999976     
   1.2000000000000008       -6.2407609999999973     
   1.2100000000000009       -6.3604429999999974     
   1.2200000000000009       -6.4811059999999978     
   1.2300000000000009       -6.6027499999999977     
   1.2400000000000009       -6.7253749999999979     
   1.2500000000000009       -6.8489809999999984     
   1.2600000000000009       -6.9735679999999984     
   1.2700000000000009       -7.0991359999999988     
   1.2800000000000009       -7.2256849999999986     
   1.2900000000000009       -7.3532149999999987     
   1.3000000000000009       -7.4817259999999992     
   1.3100000000000009       -7.6112179999999992     
   1.3200000000000010       -7.7416909999999994     
   1.3300000000000010       -7.8731449999999992     
   1.3400000000000010       -8.0055800000000001     
   1.3500000000000010       -8.1389960000000006     
   1.3600000000000010       -8.2733930000000004     
   1.3700000000000010       -8.4087709999999998     
   1.3800000000000010       -8.5451300000000003     
   1.3900000000000010       -8.6824700000000004     
   1.4000000000000010       -8.8207909999999998     
   1.4100000000000010       -8.9600930000000005     
   1.4200000000000010       -9.1003760000000007     
   1.4300000000000010       -9.2416400000000003     
   1.4400000000000011       -9.3838850000000011     
   1.4500000000000011       -9.5271110000000014     
   1.4600000000000011       -9.6713180000000012     
   1.4700000000000011       -9.8165060000000022     
   1.4800000000000011       -9.9626750000000026     
   1.4900000000000011       -10.109825000000003     
   1.5000000000000011       -10.257956000000004     
   1.5100000000000011       -10.407068000000004     
   1.5200000000000011       -10.557161000000004     
   1.5300000000000011       -10.708235000000004     
   1.5400000000000011       -10.860290000000004     
   1.5500000000000012       -11.013326000000005     
   1.5600000000000012       -11.167343000000004     
   1.5700000000000012       -11.322341000000005     
   1.5800000000000012       -11.478320000000005     
   1.5900000000000012       -11.635280000000005     
   1.6000000000000012       -11.793221000000006     
   1.6100000000000012       -11.952143000000007     
   1.6200000000000012       -12.112046000000007     
   1.6300000000000012       -12.272930000000008     
   1.6400000000000012       -12.434795000000008     
   1.6500000000000012       -12.597641000000008     
   1.6600000000000013       -12.761468000000008     
   1.6700000000000013       -12.926276000000009     
   1.6800000000000013       -13.092065000000009     
   1.6900000000000013       -13.258835000000008     
   1.7000000000000013       -13.426586000000009     
   1.7100000000000013       -13.595318000000010     
   1.7200000000000013       -13.765031000000009     
   1.7300000000000013       -13.935725000000010     
   1.7400000000000013       -14.107400000000011     
   1.7500000000000013       -14.280056000000011     
   1.7600000000000013       -14.453693000000010     
   1.7700000000000014       -14.628311000000011     
   1.7800000000000014       -14.803910000000011     
   1.7900000000000014       -14.980490000000010     
   1.8000000000000014       -15.158051000000011     
   1.8100000000000014       -15.336593000000011     
   1.8200000000000014       -15.516116000000011     
   1.8300000000000014       -15.696620000000012     
   1.8400000000000014       -15.878105000000012     
   1.8500000000000014       -16.060571000000014     
   1.8600000000000014       -16.244018000000015     
   1.8700000000000014       -16.428446000000015     
   1.8800000000000014       -16.613855000000015     
   1.8900000000000015       -16.800245000000015     
   1.9000000000000015       -16.987616000000013     
   1.9100000000000015       -17.175968000000012     
   1.9200000000000015       -17.365301000000013     
   1.9300000000000015       -17.555615000000014     
   1.9400000000000015       -17.746910000000014     
   1.9500000000000015       -17.939186000000014     
   1.9600000000000015       -18.132443000000013     
   1.9700000000000015       -18.326681000000011     
   1.9800000000000015       -18.521900000000013     
   1.9900000000000015       -18.718100000000014     
   2.0000000000000013       -18.915281000000014     
   2.0100000000000011       -19.113443000000014     
   2.0200000000000009       -19.312586000000014     
   2.0300000000000007       -19.512710000000013     
   2.0400000000000005       -19.713815000000011     
   2.0500000000000003       -19.915901000000012     
   2.0600000000000001       -20.118968000000013     
   2.0699999999999998       -20.323016000000013     
   2.0799999999999996       -20.528045000000013     
   2.0899999999999994       -20.734055000000012     
   2.0999999999999992       -20.941046000000011     
   2.1099999999999990       -21.149018000000009     
   2.1199999999999988       -21.357971000000010     
   2.1299999999999986       -21.567905000000010     
   2.1399999999999983       -21.778820000000010     
   2.1499999999999981       -21.990716000000010     
   2.1599999999999979       -22.203593000000009     
   2.1699999999999977       -22.417451000000007     
   2.1799999999999975       -22.632290000000008     
   2.1899999999999973       -22.848110000000009     
   2.1999999999999971       -23.064911000000009     
   2.2099999999999969       -23.282693000000009     
   2.2199999999999966       -23.501456000000008     
   2.2299999999999964       -23.721200000000007     
   2.2399999999999962       -23.941925000000005     
   2.2499999999999960       -24.163631000000006     
   2.2599999999999958       -24.386318000000006     
   2.2699999999999956       -24.609986000000006     
   2.2799999999999954       -24.834635000000006     
   2.2899999999999952       -25.060265000000005     
   2.2999999999999949       -25.286876000000003     
   2.3099999999999947       -25.514468000000001     
   2.3199999999999945       -25.743041000000002     
   2.3299999999999943       -25.972595000000002     
   2.3399999999999941       -26.203130000000002     
   2.3499999999999939       -26.434646000000001     
   2.3599999999999937       -26.667142999999999     
   2.3699999999999934       -26.900620999999997     
   2.3799999999999932       -27.135079999999999     
   2.3899999999999930       -27.370519999999999     
   2.3999999999999928       -27.606940999999999     
   2.4099999999999926       -27.844342999999999     
   2.4199999999999924       -28.082725999999997     
   2.4299999999999922       -28.322089999999996     
   2.4399999999999920       -28.562434999999994     
   2.4499999999999917       -28.803760999999994     
   2.4599999999999915       -29.046067999999995     
   2.4699999999999913       -29.289355999999994     
   2.4799999999999911       -29.533624999999994     
   2.4899999999999909       -29.778874999999992     
   2.4999999999999907       -30.025105999999990     
   2.5099999999999905       -30.272317999999988     
   2.5199999999999902       -30.520510999999988     
   2.5299999999999900       -30.769684999999988     
   2.5399999999999898       -31.019839999999988     
   2.5499999999999896       -31.270975999999987     
   2.5599999999999894       -31.523092999999985     
   2.5699999999999892       -31.776190999999983     
   2.5799999999999890       -32.030269999999980     
   2.5899999999999888       -32.285329999999981     
   2.5999999999999885       -32.541370999999977     
   2.6099999999999883       -32.798392999999976     
   2.6199999999999881       -33.056395999999978     
   2.6299999999999879       -33.315379999999976     
   2.6399999999999877       -33.575344999999977     
   2.6499999999999875       -33.836290999999974     
   2.6599999999999873       -34.098217999999974     
   2.6699999999999871       -34.361125999999970     
   2.6799999999999868       -34.625014999999969     
   2.6899999999999866       -34.889884999999971     
   2.6999999999999864       -35.155735999999969     
   2.7099999999999862       -35.422567999999970     
   2.7199999999999860       -35.690380999999967     
   2.7299999999999858       -35.959174999999966     
   2.7399999999999856       -36.228949999999962     
   2.7499999999999853       -36.499705999999961     
   2.7599999999999851       -36.771442999999962     
   2.7699999999999849       -37.044160999999960     
   2.7799999999999847       -37.317859999999961     
   2.7899999999999845       -37.592539999999957     
   2.7999999999999843       -37.868200999999956     
   2.8099999999999841       -38.144842999999952     
   2.8199999999999839       -38.422465999999950     
   2.8299999999999836       -38.701069999999952     
   2.8399999999999834       -38.980654999999949     
   2.8499999999999832       -39.261220999999949     
   2.8599999999999830       -39.542767999999946     
   2.8699999999999828       -39.825295999999945     
   2.8799999999999826       -40.108804999999947     
   2.8899999999999824       -40.393294999999945     
   2.8999999999999821       -40.678765999999946     
   2.9099999999999819       -40.965217999999943     
   2.9199999999999817       -41.252650999999943     
   2.9299999999999815       -41.541064999999939     
   2.9399999999999813       -41.830459999999938     
   2.9499999999999811       -42.120835999999940     
   2.9599999999999809       -42.412192999999938     
   2.9699999999999807       -42.704530999999939     
   2.9799999999999804       -42.997849999999936     
   2.9899999999999802       -43.292149999999936     
   2.9999999999999800       -43.587430999999931     
   3.0099999999999798       -43.883692999999930     
   3.0199999999999796       -44.180935999999932     
   3.0299999999999794       -44.479159999999929     
   3.0399999999999792       -44.778364999999930     
   3.0499999999999790       -45.078550999999926     
   3.0599999999999787       -45.379717999999926     
   3.0699999999999785       -45.681865999999921     
   3.0799999999999783       -45.984994999999920     
   3.0899999999999781       -46.289104999999921     
   3.0999999999999779       -46.594195999999918     
   3.1099999999999777       -46.900267999999919     
   3.1199999999999775       -47.207320999999915     
   3.1299999999999772       -47.515354999999914     
   3.1399999999999770       -47.824369999999909     
   3.1499999999999768       -48.134365999999908     
   3.1599999999999766       -48.445342999999909     
   3.1699999999999764       -48.757300999999906     
   3.1799999999999762       -49.070239999999906     
   3.1899999999999760       -49.384159999999902     
   3.1999999999999758       -49.699060999999901     
   3.2099999999999755       -50.014942999999896     
   3.2199999999999753       -50.331805999999894     
   3.2299999999999751       -50.649649999999895     
   3.2399999999999749       -50.968474999999891     
   3.2499999999999747       -51.288280999999891     
   3.2599999999999745       -51.609067999999887     
   3.2699999999999743       -51.930835999999886     
   3.2799999999999740       -52.253584999999887     
   3.2899999999999738       -52.577314999999885     
   3.2999999999999736       -52.902025999999886     
   3.3099999999999734       -53.227717999999882     
   3.3199999999999732       -53.554390999999882     
   3.3299999999999730       -53.882044999999877     
   3.3399999999999728       -54.210679999999876     
   3.3499999999999726       -54.540295999999877     
   3.3599999999999723       -54.870892999999874     
   3.3699999999999721       -55.202470999999875     
   3.3799999999999719       -55.535029999999871     
   3.3899999999999717       -55.868569999999870     
   3.3999999999999715       -56.203090999999866     
   3.4099999999999713       -56.538592999999864     
   3.4199999999999711       -56.875075999999865     
   3.4299999999999708       -57.212539999999862     
   3.4399999999999706       -57.550984999999862     
   3.4499999999999704       -57.890410999999858     
   3.4599999999999702       -58.230817999999857     
   3.4699999999999700       -58.572205999999859     
   3.4799999999999698       -58.914574999999857     
   3.4899999999999696       -59.257924999999858     
   3.4999999999999694       -59.602255999999855     
   3.5099999999999691       -59.947567999999855     
   3.5199999999999689       -60.293860999999850     
   3.5299999999999687       -60.641134999999849     
   3.5399999999999685       -60.989389999999851     
   3.5499999999999683       -61.338625999999849     
   3.5599999999999681       -61.688842999999849     
   3.5699999999999679       -62.040040999999846     
   3.5799999999999677       -62.392219999999845     
   3.5899999999999674       -62.745379999999841     
   3.5999999999999672       -63.099520999999839     
   3.6099999999999670       -63.454642999999841     
   3.6199999999999668       -63.810745999999838     
   3.6299999999999666       -64.167829999999839     
   3.6399999999999664       -64.525894999999835     
   3.6499999999999662       -64.884940999999827     
   3.6599999999999659       -65.244967999999830     
   3.6699999999999657       -65.605975999999828     
   3.6799999999999655       -65.967964999999822     
   3.6899999999999653       -66.330934999999826     
   3.6999999999999651       -66.694885999999826     
   3.7099999999999649       -67.059817999999822     
   3.7199999999999647       -67.425730999999828     
   3.7299999999999645       -67.792624999999830     
   3.7399999999999642       -68.160499999999828     
   3.7499999999999640       -68.529355999999822     
   3.7599999999999638       -68.899192999999826     
   3.7699999999999636       -69.270010999999826     
   3.7799999999999634       -69.641809999999822     
   3.7899999999999632       -70.014589999999828     
   3.7999999999999630       -70.388350999999830     
   3.8099999999999627       -70.763092999999827     
   3.8199999999999625       -71.138815999999821     
   3.8299999999999623       -71.515519999999825     
   3.8399999999999621       -71.893204999999824     
   3.8499999999999619       -72.271870999999820     
   3.8599999999999617       -72.651517999999825     
   3.8699999999999615       -73.032145999999827     
   3.8799999999999613       -73.413754999999824     
   3.8899999999999610       -73.796344999999818     
   3.8999999999999608       -74.179915999999821     
   3.9099999999999606       -74.564467999999820     
   3.9199999999999604       -74.950000999999816     
   3.9299999999999602       -75.336514999999821     
   3.9399999999999600       -75.724009999999822     
   3.9499999999999598       -76.112485999999819     
   3.9599999999999596       -76.501942999999812     
   3.9699999999999593       -76.892380999999816     
   3.9799999999999591       -77.283799999999815     
   3.9899999999999589       -77.676199999999810     
   3.9999999999999587       -78.069580999999815     
   4.0099999999999589       -78.463942999999816     
   4.0199999999999587       -78.859285999999813     
   4.0299999999999585       -79.255609999999820     
   4.0399999999999583       -79.652914999999822     
   4.0499999999999581       -80.051200999999821     
   4.0599999999999579       -80.450467999999816     
   4.0699999999999577       -80.850715999999821     
   4.0799999999999574       -81.251944999999822     
   4.0899999999999572       -81.654154999999818     
   4.0999999999999570       -82.057345999999825     
   4.1099999999999568       -82.461517999999828     
   4.1199999999999566       -82.866670999999826     
   4.1299999999999564       -83.272804999999821     
   4.1399999999999562       -83.679919999999825     
   4.1499999999999559       -84.088015999999826     
   4.1599999999999557       -84.497092999999822     
   4.1699999999999555       -84.907150999999828     
   4.1799999999999553       -85.318189999999831     
   4.1899999999999551       -85.730209999999829     
   4.1999999999999549       -86.143210999999823     
   4.2099999999999547       -86.557192999999828     
   4.2199999999999545       -86.972155999999828     
   4.2299999999999542       -87.388099999999824     
   4.2399999999999540       -87.805024999999830     
   4.2499999999999538       -88.222930999999832     
   4.2599999999999536       -88.641817999999830     
   4.2699999999999534       -89.061685999999824     
   4.2799999999999532       -89.482534999999828     
   4.2899999999999530       -89.904364999999828     
   4.2999999999999527       -90.327175999999824     
   4.3099999999999525       -90.750967999999830     
   4.3199999999999523       -91.175740999999832     
   4.3299999999999521       -91.601494999999829     
   4.3399999999999519       -92.028229999999837     
   4.3499999999999517       -92.455945999999841     
   4.3599999999999515       -92.884642999999841     
   4.3699999999999513       -93.314320999999836     
   4.3799999999999510       -93.744979999999842     
   4.3899999999999508       -94.176619999999843     
   4.3999999999999506       -94.609240999999841     
   4.4099999999999504       -95.042842999999849     
   4.4199999999999502       -95.477425999999852     
   4.4299999999999500       -95.912989999999851     
   4.4399999999999498       -96.349534999999847     
   4.4499999999999496       -96.787060999999852     
   4.4599999999999493       -97.225567999999853     
   4.4699999999999491       -97.665055999999851     
   4.4799999999999489       -98.105524999999858     
   4.4899999999999487       -98.546974999999861     
   4.4999999999999485       -98.989405999999860     
   4.5099999999999483       -99.432817999999855     
   4.5199999999999481       -99.877210999999861     
   4.5299999999999478       -100.32258499999986     
   4.5399999999999476       -100.76893999999986     
   4.5499999999999474       -101.21627599999987     
   4.5599999999999472       -101.66459299999987     
   4.5699999999999470       -102.11389099999987     
   4.5799999999999468       -102.56416999999986     
   4.5899999999999466       -103.01542999999987     
   4.5999999999999464       -103.46767099999987     
   4.6099999999999461       -103.92089299999986     
   4.6199999999999459       -104.37509599999987     
   4.6299999999999457       -104.83027999999987     
   4.6399999999999455       -105.28644499999987     
   4.6499999999999453       -105.74359099999987     
   4.6599999999999451       -106.20171799999987     
   4.6699999999999449       -106.66082599999987     
   4.6799999999999446       -107.12091499999987     
   4.6899999999999444       -107.58198499999988     
   4.6999999999999442       -108.04403599999988     
   4.7099999999999440       -108.50706799999988     
   4.7199999999999438       -108.97108099999988     
   4.7299999999999436       -109.43607499999989     
   4.7399999999999434       -109.90204999999989     
   4.7499999999999432       -110.36900599999989     
   4.7599999999999429       -110.83694299999989     
   4.7699999999999427       -111.30586099999989     
   4.7799999999999425       -111.77575999999989     
   4.7899999999999423       -112.24663999999990     
   4.7999999999999421       -112.71850099999990     
   4.8099999999999419       -113.19134299999990     
   4.8199999999999417       -113.66516599999990     
   4.8299999999999415       -114.13996999999991     
   4.8399999999999412       -114.61575499999991     
   4.8499999999999410       -115.09252099999991     
   4.8599999999999408       -115.57026799999991     
   4.8699999999999406       -116.04899599999992     
   4.8799999999999404       -116.52870499999992     
   4.8899999999999402       -117.00939499999991     
   4.8999999999999400       -117.49106599999992     
   4.9099999999999397       -117.97371799999992     
   4.9199999999999395       -118.45735099999992     
   4.9299999999999393       -118.94196499999993     
   4.9399999999999391       -119.42755999999993     
   4.9499999999999389       -119.91413599999993     
   4.9599999999999387       -120.40169299999992     
   4.9699999999999385       -120.89023099999993     
   4.9799999999999383       -121.37974999999993     
   4.9899999999999380       -121.87024999999993     
