   0.0000000000000000        1.0100000000000000     
   1.0000000000000000E-002   1.0200000000000000     
   2.0000000000000000E-002   1.0300000000000000     
   2.9999999999999999E-002   1.0400000000000000     
   4.0000000000000001E-002   1.0500000000000000     
   5.0000000000000003E-002   1.0600000000000001     
   6.0000000000000005E-002   1.0700000000000001     
   7.0000000000000007E-002   1.0800000000000001     
   8.0000000000000002E-002   1.0900000000000001     
   8.9999999999999997E-002   1.1000000000000001     
   9.9999999999999992E-002   1.1100000000000001     
  0.10999999999999999        1.1200000000000001     
  0.11999999999999998        1.1300000000000001     
  0.12999999999999998        1.1400000000000001     
  0.13999999999999999        1.1500000000000001     
  0.14999999999999999        1.1600000000000001     
  0.16000000000000000        1.1700000000000002     
  0.17000000000000001        1.1800000000000002     
  0.18000000000000002        1.1900000000000002     
  0.19000000000000003        1.2000000000000002     
  0.20000000000000004        1.2100000000000002     
  0.21000000000000005        1.2200000000000002     
  0.22000000000000006        1.2300000000000002     
  0.23000000000000007        1.2400000000000002     
  0.24000000000000007        1.2500000000000002     
  0.25000000000000006        1.2600000000000002     
  0.26000000000000006        1.2700000000000002     
  0.27000000000000007        1.2800000000000002     
  0.28000000000000008        1.2900000000000003     
  0.29000000000000009        1.3000000000000003     
  0.30000000000000010        1.3100000000000003     
  0.31000000000000011        1.3200000000000003     
  0.32000000000000012        1.3300000000000003     
  0.33000000000000013        1.3400000000000003     
  0.34000000000000014        1.3500000000000003     
  0.35000000000000014        1.3600000000000003     
  0.36000000000000015        1.3700000000000003     
  0.37000000000000016        1.3800000000000003     
  0.38000000000000017        1.3900000000000003     
  0.39000000000000018        1.4000000000000004     
  0.40000000000000019        1.4100000000000004     
  0.41000000000000020        1.4200000000000004     
  0.42000000000000021        1.4300000000000004     
  0.43000000000000022        1.4400000000000004     
  0.44000000000000022        1.4500000000000004     
  0.45000000000000023        1.4600000000000004     
  0.46000000000000024        1.4700000000000004     
  0.47000000000000025        1.4800000000000004     
  0.48000000000000026        1.4900000000000004     
  0.49000000000000027        1.5000000000000004     
  0.50000000000000022        1.5100000000000005     
  0.51000000000000023        1.5200000000000005     
  0.52000000000000024        1.5300000000000005     
  0.53000000000000025        1.5400000000000005     
  0.54000000000000026        1.5500000000000005     
  0.55000000000000027        1.5600000000000005     
  0.56000000000000028        1.5700000000000005     
  0.57000000000000028        1.5800000000000005     
  0.58000000000000029        1.5900000000000005     
  0.59000000000000030        1.6000000000000005     
  0.60000000000000031        1.6100000000000005     
  0.61000000000000032        1.6200000000000006     
  0.62000000000000033        1.6300000000000006     
  0.63000000000000034        1.6400000000000006     
  0.64000000000000035        1.6500000000000006     
  0.65000000000000036        1.6600000000000006     
  0.66000000000000036        1.6700000000000006     
  0.67000000000000037        1.6800000000000006     
  0.68000000000000038        1.6900000000000006     
  0.69000000000000039        1.7000000000000006     
  0.70000000000000040        1.7100000000000006     
  0.71000000000000041        1.7200000000000006     
  0.72000000000000042        1.7300000000000006     
  0.73000000000000043        1.7400000000000007     
  0.74000000000000044        1.7500000000000007     
  0.75000000000000044        1.7600000000000007     
  0.76000000000000045        1.7700000000000007     
  0.77000000000000046        1.7800000000000007     
  0.78000000000000047        1.7900000000000007     
  0.79000000000000048        1.8000000000000007     
  0.80000000000000049        1.8100000000000007     
  0.81000000000000050        1.8200000000000007     
  0.82000000000000051        1.8300000000000007     
  0.83000000000000052        1.8400000000000007     
  0.84000000000000052        1.8500000000000008     
  0.85000000000000053        1.8600000000000008     
  0.86000000000000054        1.8700000000000008     
  0.87000000000000055        1.8800000000000008     
  0.88000000000000056        1.8900000000000008     
  0.89000000000000057        1.9000000000000008     
  0.90000000000000058        1.9100000000000008     
  0.91000000000000059        1.9200000000000008     
  0.92000000000000060        1.9300000000000008     
  0.93000000000000060        1.9400000000000008     
  0.94000000000000061        1.9500000000000008     
  0.95000000000000062        1.9600000000000009     
  0.96000000000000063        1.9700000000000009     
  0.97000000000000064        1.9800000000000009     
  0.98000000000000065        1.9900000000000009     
  0.99000000000000066        2.0000000000000009     
   1.0000000000000007        2.0100000000000007     
   1.0100000000000007        2.0200000000000005     
   1.0200000000000007        2.0300000000000002     
   1.0300000000000007        2.0400000000000000     
   1.0400000000000007        2.0499999999999998     
   1.0500000000000007        2.0599999999999996     
   1.0600000000000007        2.0699999999999994     
   1.0700000000000007        2.0799999999999992     
   1.0800000000000007        2.0899999999999990     
   1.0900000000000007        2.0999999999999988     
   1.1000000000000008        2.1099999999999985     
   1.1100000000000008        2.1199999999999983     
   1.1200000000000008        2.1299999999999981     
   1.1300000000000008        2.1399999999999979     
   1.1400000000000008        2.1499999999999977     
   1.1500000000000008        2.1599999999999975     
   1.1600000000000008        2.1699999999999973     
   1.1700000000000008        2.1799999999999971     
   1.1800000000000008        2.1899999999999968     
   1.1900000000000008        2.1999999999999966     
   1.2000000000000008        2.2099999999999964     
   1.2100000000000009        2.2199999999999962     
   1.2200000000000009        2.2299999999999960     
   1.2300000000000009        2.2399999999999958     
   1.2400000000000009        2.2499999999999956     
   1.2500000000000009        2.2599999999999953     
   1.2600000000000009        2.2699999999999951     
   1.2700000000000009        2.2799999999999949     
   1.2800000000000009        2.2899999999999947     
   1.2900000000000009        2.2999999999999945     
   1.3000000000000009        2.3099999999999943     
   1.3100000000000009        2.3199999999999941     
   1.3200000000000010        2.3299999999999939     
   1.3300000000000010        2.3399999999999936     
   1.3400000000000010        2.3499999999999934     
   1.3500000000000010        2.3599999999999932     
   1.3600000000000010        2.3699999999999930     
   1.3700000000000010        2.3799999999999928     
   1.3800000000000010        2.3899999999999926     
   1.3900000000000010        2.3999999999999924     
   1.4000000000000010        2.4099999999999921     
   1.4100000000000010        2.4199999999999919     
   1.4200000000000010        2.4299999999999917     
   1.4300000000000010        2.4399999999999915     
   1.4400000000000011        2.4499999999999913     
   1.4500000000000011        2.4599999999999911     
   1.4600000000000011        2.4699999999999909     
   1.4700000000000011        2.4799999999999907     
   1.4800000000000011        2.4899999999999904     
   1.4900000000000011        2.4999999999999902     
   1.5000000000000011        2.5099999999999900     
   1.5100000000000011        2.5199999999999898     
   1.5200000000000011        2.5299999999999896     
   1.5300000000000011        2.5399999999999894     
   1.5400000000000011        2.5499999999999892     
   1.5500000000000012        2.5599999999999890     
   1.5600000000000012        2.5699999999999887     
   1.5700000000000012        2.5799999999999885     
   1.5800000000000012        2.5899999999999883     
   1.5900000000000012        2.5999999999999881     
   1.6000000000000012        2.6099999999999879     
   1.6100000000000012        2.6199999999999877     
   1.6200000000000012        2.6299999999999875     
   1.6300000000000012        2.6399999999999872     
   1.6400000000000012        2.6499999999999870     
   1.6500000000000012        2.6599999999999868     
   1.6600000000000013        2.6699999999999866     
   1.6700000000000013        2.6799999999999864     
   1.6800000000000013        2.6899999999999862     
   1.6900000000000013        2.6999999999999860     
   1.7000000000000013        2.7099999999999858     
   1.7100000000000013        2.7199999999999855     
   1.7200000000000013        2.7299999999999853     
   1.7300000000000013        2.7399999999999851     
   1.7400000000000013        2.7499999999999849     
   1.7500000000000013        2.7599999999999847     
   1.7600000000000013        2.7699999999999845     
   1.7700000000000014        2.7799999999999843     
   1.7800000000000014        2.7899999999999840     
   1.7900000000000014        2.7999999999999838     
   1.8000000000000014        2.8099999999999836     
   1.8100000000000014        2.8199999999999834     
   1.8200000000000014        2.8299999999999832     
   1.8300000000000014        2.8399999999999830     
   1.8400000000000014        2.8499999999999828     
   1.8500000000000014        2.8599999999999826     
   1.8600000000000014        2.8699999999999823     
   1.8700000000000014        2.8799999999999821     
   1.8800000000000014        2.8899999999999819     
   1.8900000000000015        2.8999999999999817     
   1.9000000000000015        2.9099999999999815     
   1.9100000000000015        2.9199999999999813     
   1.9200000000000015        2.9299999999999811     
   1.9300000000000015        2.9399999999999809     
   1.9400000000000015        2.9499999999999806     
   1.9500000000000015        2.9599999999999804     
   1.9600000000000015        2.9699999999999802     
   1.9700000000000015        2.9799999999999800     
   1.9800000000000015        2.9899999999999798     
   1.9900000000000015        2.9999999999999796     
   2.0000000000000013        3.0099999999999794     
   2.0100000000000011        3.0199999999999791     
   2.0200000000000009        3.0299999999999789     
   2.0300000000000007        3.0399999999999787     
   2.0400000000000005        3.0499999999999785     
   2.0500000000000003        3.0599999999999783     
   2.0600000000000001        3.0699999999999781     
   2.0699999999999998        3.0799999999999779     
   2.0799999999999996        3.0899999999999777     
   2.0899999999999994        3.0999999999999774     
   2.0999999999999992        3.1099999999999772     
   2.1099999999999990        3.1199999999999770     
   2.1199999999999988        3.1299999999999768     
   2.1299999999999986        3.1399999999999766     
   2.1399999999999983        3.1499999999999764     
   2.1499999999999981        3.1599999999999762     
   2.1599999999999979        3.1699999999999759     
   2.1699999999999977        3.1799999999999757     
   2.1799999999999975        3.1899999999999755     
   2.1899999999999973        3.1999999999999753     
   2.1999999999999971        3.2099999999999751     
   2.2099999999999969        3.2199999999999749     
   2.2199999999999966        3.2299999999999747     
   2.2299999999999964        3.2399999999999745     
   2.2399999999999962        3.2499999999999742     
   2.2499999999999960        3.2599999999999740     
   2.2599999999999958        3.2699999999999738     
   2.2699999999999956        3.2799999999999736     
   2.2799999999999954        3.2899999999999734     
   2.2899999999999952        3.2999999999999732     
   2.2999999999999949        3.3099999999999730     
   2.3099999999999947        3.3199999999999728     
   2.3199999999999945        3.3299999999999725     
   2.3299999999999943        3.3399999999999723     
   2.3399999999999941        3.3499999999999721     
   2.3499999999999939        3.3599999999999719     
   2.3599999999999937        3.3699999999999717     
   2.3699999999999934        3.3799999999999715     
   2.3799999999999932        3.3899999999999713     
   2.3899999999999930        3.3999999999999710     
   2.3999999999999928        3.4099999999999708     
   2.4099999999999926        3.4199999999999706     
   2.4199999999999924        3.4299999999999704     
   2.4299999999999922        3.4399999999999702     
   2.4399999999999920        3.4499999999999700     
   2.4499999999999917        3.4599999999999698     
   2.4599999999999915        3.4699999999999696     
   2.4699999999999913        3.4799999999999693     
   2.4799999999999911        3.4899999999999691     
   2.4899999999999909        3.4999999999999689     
   2.4999999999999907        3.5099999999999687     
   2.5099999999999905        3.5199999999999685     
   2.5199999999999902        3.5299999999999683     
   2.5299999999999900        3.5399999999999681     
   2.5399999999999898        3.5499999999999678     
   2.5499999999999896        3.5599999999999676     
   2.5599999999999894        3.5699999999999674     
   2.5699999999999892        3.5799999999999672     
   2.5799999999999890        3.5899999999999670     
   2.5899999999999888        3.5999999999999668     
   2.5999999999999885        3.6099999999999666     
   2.6099999999999883        3.6199999999999664     
   2.6199999999999881        3.6299999999999661     
   2.6299999999999879        3.6399999999999659     
   2.6399999999999877        3.6499999999999657     
   2.6499999999999875        3.6599999999999655     
   2.6599999999999873        3.6699999999999653     
   2.6699999999999871        3.6799999999999651     
   2.6799999999999868        3.6899999999999649     
   2.6899999999999866        3.6999999999999647     
   2.6999999999999864        3.7099999999999644     
   2.7099999999999862        3.7199999999999642     
   2.7199999999999860        3.7299999999999640     
   2.7299999999999858        3.7399999999999638     
   2.7399999999999856        3.7499999999999636     
   2.7499999999999853        3.7599999999999634     
   2.7599999999999851        3.7699999999999632     
   2.7699999999999849        3.7799999999999629     
   2.7799999999999847        3.7899999999999627     
   2.7899999999999845        3.7999999999999625     
   2.7999999999999843        3.8099999999999623     
   2.8099999999999841        3.8199999999999621     
   2.8199999999999839        3.8299999999999619     
   2.8299999999999836        3.8399999999999617     
   2.8399999999999834        3.8499999999999615     
   2.8499999999999832        3.8599999999999612     
   2.8599999999999830        3.8699999999999610     
   2.8699999999999828        3.8799999999999608     
   2.8799999999999826        3.8899999999999606     
   2.8899999999999824        3.8999999999999604     
   2.8999999999999821        3.9099999999999602     
   2.9099999999999819        3.9199999999999600     
   2.9199999999999817        3.9299999999999597     
   2.9299999999999815        3.9399999999999595     
   2.9399999999999813        3.9499999999999593     
   2.9499999999999811        3.9599999999999591     
   2.9599999999999809        3.9699999999999589     
   2.9699999999999807        3.9799999999999587     
   2.9799999999999804        3.9899999999999585     
   2.9899999999999802        3.9999999999999583     
   2.9999999999999800        4.0099999999999580     
   3.0099999999999798        4.0199999999999578     
   3.0199999999999796        4.0299999999999576     
   3.0299999999999794        4.0399999999999574     
   3.0399999999999792        4.0499999999999572     
   3.0499999999999790        4.0599999999999570     
   3.0599999999999787        4.0699999999999568     
   3.0699999999999785        4.0799999999999566     
   3.0799999999999783        4.0899999999999563     
   3.0899999999999781        4.0999999999999561     
   3.0999999999999779        4.1099999999999559     
   3.1099999999999777        4.1199999999999557     
   3.1199999999999775        4.1299999999999555     
   3.1299999999999772        4.1399999999999553     
   3.1399999999999770        4.1499999999999551     
   3.1499999999999768        4.1599999999999548     
   3.1599999999999766        4.1699999999999546     
   3.1699999999999764        4.1799999999999544     
   3.1799999999999762        4.1899999999999542     
   3.1899999999999760        4.1999999999999540     
   3.1999999999999758        4.2099999999999538     
   3.2099999999999755        4.2199999999999536     
   3.2199999999999753        4.2299999999999534     
   3.2299999999999751        4.2399999999999531     
   3.2399999999999749        4.2499999999999529     
   3.2499999999999747        4.2599999999999527     
   3.2599999999999745        4.2699999999999525     
   3.2699999999999743        4.2799999999999523     
   3.2799999999999740        4.2899999999999521     
   3.2899999999999738        4.2999999999999519     
   3.2999999999999736        4.3099999999999516     
   3.3099999999999734        4.3199999999999514     
   3.3199999999999732        4.3299999999999512     
   3.3299999999999730        4.3399999999999510     
   3.3399999999999728        4.3499999999999508     
   3.3499999999999726        4.3599999999999506     
   3.3599999999999723        4.3699999999999504     
   3.3699999999999721        4.3799999999999502     
   3.3799999999999719        4.3899999999999499     
   3.3899999999999717        4.3999999999999497     
   3.3999999999999715        4.4099999999999495     
   3.4099999999999713        4.4199999999999493     
   3.4199999999999711        4.4299999999999491     
   3.4299999999999708        4.4399999999999489     
   3.4399999999999706        4.4499999999999487     
   3.4499999999999704        4.4599999999999485     
   3.4599999999999702        4.4699999999999482     
   3.4699999999999700        4.4799999999999480     
   3.4799999999999698        4.4899999999999478     
   3.4899999999999696        4.4999999999999476     
   3.4999999999999694        4.5099999999999474     
   3.5099999999999691        4.5199999999999472     
   3.5199999999999689        4.5299999999999470     
   3.5299999999999687        4.5399999999999467     
   3.5399999999999685        4.5499999999999465     
   3.5499999999999683        4.5599999999999463     
   3.5599999999999681        4.5699999999999461     
   3.5699999999999679        4.5799999999999459     
   3.5799999999999677        4.5899999999999457     
   3.5899999999999674        4.5999999999999455     
   3.5999999999999672        4.6099999999999453     
   3.6099999999999670        4.6199999999999450     
   3.6199999999999668        4.6299999999999448     
   3.6299999999999666        4.6399999999999446     
   3.6399999999999664        4.6499999999999444     
   3.6499999999999662        4.6599999999999442     
   3.6599999999999659        4.6699999999999440     
   3.6699999999999657        4.6799999999999438     
   3.6799999999999655        4.6899999999999435     
   3.6899999999999653        4.6999999999999433     
   3.6999999999999651        4.7099999999999431     
   3.7099999999999649        4.7199999999999429     
   3.7199999999999647        4.7299999999999427     
   3.7299999999999645        4.7399999999999425     
   3.7399999999999642        4.7499999999999423     
   3.7499999999999640        4.7599999999999421     
   3.7599999999999638        4.7699999999999418     
   3.7699999999999636        4.7799999999999416     
   3.7799999999999634        4.7899999999999414     
   3.7899999999999632        4.7999999999999412     
   3.7999999999999630        4.8099999999999410     
   3.8099999999999627        4.8199999999999408     
   3.8199999999999625        4.8299999999999406     
   3.8299999999999623        4.8399999999999403     
   3.8399999999999621        4.8499999999999401     
   3.8499999999999619        4.8599999999999399     
   3.8599999999999617        4.8699999999999397     
   3.8699999999999615        4.8799999999999395     
   3.8799999999999613        4.8899999999999393     
   3.8899999999999610        4.8999999999999391     
   3.8999999999999608        4.9099999999999389     
   3.9099999999999606        4.9199999999999386     
   3.9199999999999604        4.9299999999999384     
   3.9299999999999602        4.9399999999999382     
   3.9399999999999600        4.9499999999999380     
   3.9499999999999598        4.9599999999999378     
   3.9599999999999596        4.9699999999999376     
   3.9699999999999593        4.9799999999999374     
   3.9799999999999591        4.9899999999999372     
   3.9899999999999589        4.9999999999999369     
   3.9999999999999587        5.0099999999999367     
   4.0099999999999589        5.0199999999999365     
   4.0199999999999587        5.0299999999999363     
   4.0299999999999585        5.0399999999999361     
   4.0399999999999583        5.0499999999999359     
   4.0499999999999581        5.0599999999999357     
   4.0599999999999579        5.0699999999999354     
   4.0699999999999577        5.0799999999999352     
   4.0799999999999574        5.0899999999999350     
   4.0899999999999572        5.0999999999999348     
   4.0999999999999570        5.1099999999999346     
   4.1099999999999568        5.1199999999999344     
   4.1199999999999566        5.1299999999999342     
   4.1299999999999564        5.1399999999999340     
   4.1399999999999562        5.1499999999999337     
   4.1499999999999559        5.1599999999999335     
   4.1599999999999557        5.1699999999999333     
   4.1699999999999555        5.1799999999999331     
   4.1799999999999553        5.1899999999999329     
   4.1899999999999551        5.1999999999999327     
   4.1999999999999549        5.2099999999999325     
   4.2099999999999547        5.2199999999999322     
   4.2199999999999545        5.2299999999999320     
   4.2299999999999542        5.2399999999999318     
   4.2399999999999540        5.2499999999999316     
   4.2499999999999538        5.2599999999999314     
   4.2599999999999536        5.2699999999999312     
   4.2699999999999534        5.2799999999999310     
   4.2799999999999532        5.2899999999999308     
   4.2899999999999530        5.2999999999999305     
   4.2999999999999527        5.3099999999999303     
   4.3099999999999525        5.3199999999999301     
   4.3199999999999523        5.3299999999999299     
   4.3299999999999521        5.3399999999999297     
   4.3399999999999519        5.3499999999999295     
   4.3499999999999517        5.3599999999999293     
   4.3599999999999515        5.3699999999999291     
   4.3699999999999513        5.3799999999999288     
   4.3799999999999510        5.3899999999999286     
   4.3899999999999508        5.3999999999999284     
   4.3999999999999506        5.4099999999999282     
   4.4099999999999504        5.4199999999999280     
   4.4199999999999502        5.4299999999999278     
   4.4299999999999500        5.4399999999999276     
   4.4399999999999498        5.4499999999999273     
   4.4499999999999496        5.4599999999999271     
   4.4599999999999493        5.4699999999999269     
   4.4699999999999491        5.4799999999999267     
   4.4799999999999489        5.4899999999999265     
   4.4899999999999487        5.4999999999999263     
   4.4999999999999485        5.5099999999999261     
   4.5099999999999483        5.5199999999999259     
   4.5199999999999481        5.5299999999999256     
   4.5299999999999478        5.5399999999999254     
   4.5399999999999476        5.5499999999999252     
   4.5499999999999474        5.5599999999999250     
   4.5599999999999472        5.5699999999999248     
   4.5699999999999470        5.5799999999999246     
   4.5799999999999468        5.5899999999999244     
   4.5899999999999466        5.5999999999999241     
   4.5999999999999464        5.6099999999999239     
   4.6099999999999461        5.6199999999999237     
   4.6199999999999459        5.6299999999999235     
   4.6299999999999457        5.6399999999999233     
   4.6399999999999455        5.6499999999999231     
   4.6499999999999453        5.6599999999999229     
   4.6599999999999451        5.6699999999999227     
   4.6699999999999449        5.6799999999999224     
   4.6799999999999446        5.6899999999999222     
   4.6899999999999444        5.6999999999999220     
   4.6999999999999442        5.7099999999999218     
   4.7099999999999440        5.7199999999999216     
   4.7199999999999438        5.7299999999999214     
   4.7299999999999436        5.7399999999999212     
   4.7399999999999434        5.7499999999999210     
   4.7499999999999432        5.7599999999999207     
   4.7599999999999429        5.7699999999999205     
   4.7699999999999427        5.7799999999999203     
   4.7799999999999425        5.7899999999999201     
   4.7899999999999423        5.7999999999999199     
   4.7999999999999421        5.8099999999999197     
   4.8099999999999419        5.8199999999999195     
   4.8199999999999417        5.8299999999999192     
   4.8299999999999415        5.8399999999999190     
   4.8399999999999412        5.8499999999999188     
   4.8499999999999410        5.8599999999999186     
   4.8599999999999408        5.8699999999999184     
   4.8699999999999406        5.8799999999999182     
   4.8799999999999404        5.8899999999999180     
   4.8899999999999402        5.8999999999999178     
   4.8999999999999400        5.9099999999999175     
   4.9099999999999397        5.9199999999999173     
   4.9199999999999395        5.9299999999999171     
   4.9299999999999393        5.9399999999999169     
   4.9399999999999391        5.9499999999999167     
   4.9499999999999389        5.9599999999999165     
   4.9599999999999387        5.9699999999999163     
   4.9699999999999385        5.9799999999999160     
   4.9799999999999383        5.9899999999999158     
   4.9899999999999380        5.9999999999999156     
